# New York Region Climate (2015)
01      59.16963200000002       -0.49433800000002037    0.36776374094541003     37.703953843718736
02      53.18196800000002       -4.517230000000005      0.2803330131869011      33.0358709154409
03      78.98655199999997       4.027639999999952       0.4402290917597724      38.32579244576344
04      91.22287999999995       28.380992000000003      0.5676996005529893      47.71589010731308
05      106.95137000000004      38.11938799999997       0.9748323296463242      61.77060811669828
06      108.93725600000005      45.11328800000003       1.4008689677643615      68.4674028915267
07      112.32986000000001      54.18230000000004       1.3633903761060895      76.40681221745369
08      111.02773999999997      51.315727999999964      1.2108165426527588      77.8420220987038
09      109.49975600000005      44.59956799999996       1.1824569087352381      73.8086969844089
10      90.43321999999998       24.27562400000003       0.7986979212802942      61.25966209330602
11      81.05351000000005       25.85847199999996       0.6631420132221091      55.91112930795893
12      76.85671999999995       26.825053999999966      0.704767087338278       52.47113780252085