(20.18491, -87.71182)	2015-08-29	330.24902
(21.027893, -87.07605)	2015-08-15	330.25708
(20.890198, -105.13457)	2015-08-25	329.44556
(17.911194, -76.92006)	2015-08-28	327.74634
(21.027893, -87.07605)	2015-08-04	327.95483
(21.137146, -87.0692)	2015-08-07	328.9702
(21.130703, -86.95206)	2015-08-11	329.23218
(22.20868, -105.12262)	2015-05-13	327.97144
(21.027893, -87.07605)	2015-08-23	331.17432
(33.05983, -94.28136)	2015-08-10	329.29907
(19.916859, -104.94055)	2015-05-12	327.57666
(21.027893, -87.07605)	2015-07-26	329.3296
(20.081585, -87.83429)	2015-08-09	330.14697
(21.464996, -87.04855)	2015-08-19	329.53394
(21.027893, -87.07605)	2015-08-22	331.39062
(21.137146, -87.0692)	2015-08-08	330.91162
(21.130703, -86.95206)	2015-07-21	328.49487
(21.130703, -86.95206)	2015-08-27	331.0957
(20.18491, -87.71182)	2015-08-13	330.1499
(21.137146, -87.0692)	2015-08-06	329.22754
(19.908806, -105.05646)	2015-05-19	327.5464
(21.130703, -86.95206)	2015-08-18	329.93262
(20.069847, -87.60188)	2015-06-06	328.75732
(19.924816, -104.82463)	2015-05-08	327.90234
(21.130703, -86.95206)	2015-09-10	329.76318
(21.027893, -87.07605)	2015-08-21	329.927
(20.081585, -87.83429)	2015-07-12	327.67383
(24.81556, -107.03534)	2015-06-12	326.49292
(20.18491, -87.71182)	2015-06-05	328.75854
(20.075764, -87.71808)	2015-09-15	327.73218
(21.027893, -87.07605)	2015-09-08	328.93042
(21.130703, -86.95206)	2015-09-11	329.02612
(20.294079, -87.70557)	2015-05-28	327.7837
(21.137146, -87.0692)	2015-07-30	330.17993
(20.075764, -87.71808)	2015-06-03	328.37134
(21.130703, -86.95206)	2015-09-03	329.2378
(18.50298, -96.66141)	2015-04-27	330.8545
(20.069847, -87.60188)	2015-08-30	329.1521
(21.464996, -87.04855)	2015-09-12	328.7168
(20.075764, -87.71808)	2015-08-26	330.48193
